b 0 72 25 68 80 123 145 132 104 25 92 153 155 111 7 139 52 144 171 13 Time: 2.500000e-06
e 0 72 25 68 80 123 145 132 104 25 92 153 155 111 7 139 52 144 171 13 Time: 2.800000e-06
p 0 72 25 68 80 123 145 132 104 25 92 153 155 111 7 139 52 144 171 13 Time: 6.800000e-06
f 0 72 25 68 80 123 145 132 104 25 92 153 155 111 7 139 52 144 171 13 Time: 1.330000e-05
b 0 95 69 21 63 78 31 135 132 117 108 137 34 116 57 60 130 67 135 110 Time: 2.200000e-06
e 0 95 69 21 63 78 31 135 132 117 108 137 34 116 57 60 130 67 135 110 Time: 2.800000e-06
p 0 95 69 21 63 78 31 135 132 117 108 137 34 116 57 60 130 67 135 110 Time: 5.200000e-06
f 0 95 69 21 63 78 31 135 132 117 108 137 34 116 57 60 130 67 135 110 Time: 1.030000e-05
b 0 72 25 68 80 123 145 132 104 25 92 153 155 111 7 139 52 144 171 13 Time: 2.000000e-06
e 0 72 25 68 80 123 145 132 104 25 92 153 155 111 7 139 52 144 171 13 Time: 2.400000e-06
p 0 72 25 68 80 123 145 132 104 25 92 153 155 111 7 139 52 144 171 13 Time: 4.000000e-06
f 0 72 25 68 80 123 145 132 104 25 92 153 155 111 7 139 52 144 171 13 Time: 1.010000e-05
